0.000000	-2.780800
0.001000	-2.781100
0.002000	-2.781400
0.003000	-2.781300
0.004000	-2.780500
0.005000	-2.779600
0.006000	-2.779100
0.007000	-2.779200
0.008000	-2.779500
0.009000	-2.779600
0.010000	-2.779400
0.011000	-2.779100
0.012000	-2.778600
0.013000	-2.777800
0.014000	-2.776800
0.015000	-2.776200
0.016000	-2.776300
0.017000	-2.776500
0.018000	-2.776400
0.019000	-2.775900
0.020000	-2.775600
0.021000	-2.775500
0.022000	-2.775400
0.023000	-2.775000
0.024000	-2.774400
0.025000	-2.774100
0.026000	-2.774100
0.027000	-2.773900
0.028000	-2.773300
0.029000	-2.772800
0.030000	-2.772600
0.031000	-2.772500
0.032000	-2.772300
0.033000	-2.772000
0.034000	-2.771800
0.035000	-2.771800
0.036000	-2.771700
0.037000	-2.771500
0.038000	-2.771200
0.039000	-2.770800
0.040000	-2.770400
0.041000	-2.770000
0.042000	-2.769700
0.043000	-2.769400
0.044000	-2.769100
0.045000	-2.768800
0.046000	-2.768400
0.047000	-2.768100
0.048000	-2.767900
0.049000	-2.767600
0.050000	-2.767200
0.051000	-2.766800
0.052000	-2.766300
0.053000	-2.765900
0.054000	-2.765300
0.055000	-2.764400
0.056000	-2.763200
0.057000	-2.762100
0.058000	-2.761500
0.059000	-2.761600
0.060000	-2.762000
0.061000	-2.762100
0.062000	-2.762000
0.063000	-2.761500
0.064000	-2.760800
0.065000	-2.760300
0.066000	-2.760000
0.067000	-2.759900
0.068000	-2.759600
0.069000	-2.759300
0.070000	-2.759100
0.071000	-2.758900
0.072000	-2.758700
0.073000	-2.758400
0.074000	-2.758200
0.075000	-2.757900
0.076000	-2.757600
0.077000	-2.757200
0.078000	-2.756800
0.079000	-2.756300
0.080000	-2.755800
0.081000	-2.755500
0.082000	-2.755300
0.083000	-2.755100
0.084000	-2.754600
0.085000	-2.754000
0.086000	-2.753400
0.087000	-2.752800
0.088000	-2.752400
0.089000	-2.751900
0.090000	-2.751700
0.091000	-2.751600
0.092000	-2.751500
0.093000	-2.751200
0.094000	-2.750900
0.095000	-2.750700
0.096000	-2.750200
0.097000	-2.749200
0.098000	-2.748000
0.099000	-2.747100
0.100000	-2.746900
0.101000	-2.747100
0.102000	-2.747200
0.103000	-2.747200
0.104000	-2.747000
0.105000	-2.746800
0.106000	-2.746400
0.107000	-2.746000
0.108000	-2.745700
0.109000	-2.745400
0.110000	-2.745100
0.111000	-2.744800
0.112000	-2.744300
0.113000	-2.743700
0.114000	-2.743300
0.115000	-2.743300
0.116000	-2.743400
0.117000	-2.743300
0.118000	-2.743200
0.119000	-2.742900
0.120000	-2.742500
0.121000	-2.742100
0.122000	-2.741600
0.123000	-2.741100
0.124000	-2.740800
0.125000	-2.740700
0.126000	-2.740600
0.127000	-2.740300
0.128000	-2.740100
0.129000	-2.739700
0.130000	-2.739300
0.131000	-2.738900
0.132000	-2.738500
0.133000	-2.738100
0.134000	-2.737800
0.135000	-2.737500
0.136000	-2.737300
0.137000	-2.736900
0.138000	-2.736600
0.139000	-2.736200
0.140000	-2.735800
0.141000	-2.735300
0.142000	-2.734900
0.143000	-2.734700
0.144000	-2.734600
0.145000	-2.734300
0.146000	-2.734000
0.147000	-2.733600
0.148000	-2.733200
0.149000	-2.732800
0.150000	-2.732400
0.151000	-2.732000
0.152000	-2.731800
0.153000	-2.731600
0.154000	-2.731500
0.155000	-2.731400
0.156000	-2.731200
0.157000	-2.731000
0.158000	-2.730700
0.159000	-2.730200
0.160000	-2.729700
0.161000	-2.729200
0.162000	-2.728800
0.163000	-2.728500
0.164000	-2.728100
0.165000	-2.727700
0.166000	-2.727200
0.167000	-2.726700
0.168000	-2.726200
0.169000	-2.725700
0.170000	-2.725300
0.171000	-2.724900
0.172000	-2.724600
0.173000	-2.724200
0.174000	-2.723900
0.175000	-2.723500
0.176000	-2.723100
0.177000	-2.722600
0.178000	-2.722200
0.179000	-2.722000
0.180000	-2.721700
0.181000	-2.721400
0.182000	-2.721000
0.183000	-2.720500
0.184000	-2.720000
0.185000	-2.719500
0.186000	-2.719300
0.187000	-2.719000
0.188000	-2.718700
0.189000	-2.718400
0.190000	-2.718000
0.191000	-2.717700
0.192000	-2.717500
0.193000	-2.717200
0.194000	-2.717000
0.195000	-2.716900
0.196000	-2.716800
0.197000	-2.716600
0.198000	-2.716500
0.199000	-2.716300
0.200000	-2.716000
0.201000	-2.715600
0.202000	-2.715200
0.203000	-2.714900
0.204000	-2.714600
0.205000	-2.714300
0.206000	-2.714200
0.207000	-2.714000
0.208000	-2.713800
0.209000	-2.713500
0.210000	-2.713200
0.211000	-2.712900
0.212000	-2.712700
0.213000	-2.712500
0.214000	-2.712200
0.215000	-2.711900
0.216000	-2.711600
0.217000	-2.711200
0.218000	-2.710800
0.219000	-2.710400
0.220000	-2.710000
0.221000	-2.709500
0.222000	-2.709100
0.223000	-2.708600
0.224000	-2.708100
0.225000	-2.707600
0.226000	-2.707200
0.227000	-2.707000
0.228000	-2.706900
0.229000	-2.706800
0.230000	-2.706500
0.231000	-2.706100
0.232000	-2.705700
0.233000	-2.705200
0.234000	-2.704800
0.235000	-2.704500
0.236000	-2.704400
0.237000	-2.704300
0.238000	-2.704200
0.239000	-2.704000
0.240000	-2.703800
0.241000	-2.703600
0.242000	-2.703400
0.243000	-2.703200
0.244000	-2.702900
0.245000	-2.702800
0.246000	-2.702700
0.247000	-2.702700
0.248000	-2.702600
0.249000	-2.702400
0.250000	-2.701900
0.251000	-2.701200
0.252000	-2.700700
0.253000	-2.700200
0.254000	-2.699900
0.255000	-2.699700
0.256000	-2.699500
0.257000	-2.699300
0.258000	-2.699000
0.259000	-2.698700
0.260000	-2.698400
0.261000	-2.698100
0.262000	-2.697800
0.263000	-2.697500
0.264000	-2.697300
0.265000	-2.697000
0.266000	-2.696600
0.267000	-2.696300
0.268000	-2.696000
0.269000	-2.695700
0.270000	-2.695400
0.271000	-2.695100
0.272000	-2.694800
0.273000	-2.694400
0.274000	-2.694000
0.275000	-2.693600
0.276000	-2.693300
0.277000	-2.693100
0.278000	-2.693300
0.279000	-2.693800
0.280000	-2.694800
0.281000	-2.696000
0.282000	-2.697500
0.283000	-2.699100
0.284000	-2.700500
0.285000	-2.700700
0.286000	-2.695100
0.287000	-2.666000
0.288000	-2.569800
0.289000	-2.334600
0.290000	-1.894400
0.291000	-1.241100
0.292000	-0.436600
0.293000	0.433200
0.294000	1.304600
0.295000	2.144100
0.296000	2.931300
0.297000	3.648000
0.298000	4.280000
0.299000	4.822300
0.300000	5.275200
0.301000	5.636800
0.302000	5.906400
0.303000	6.093700
0.304000	6.220600
0.305000	6.312000
0.306000	6.386600
0.307000	6.453900
0.308000	6.516800
0.309000	6.575200
0.310000	6.628800
0.311000	6.679700
0.312000	6.730200
0.313000	6.780800
0.314000	6.829700
0.315000	6.874900
0.316000	6.917100
0.317000	6.958900
0.318000	7.001500
0.319000	7.043300
0.320000	7.080900
0.321000	7.111700
0.322000	7.135300
0.323000	7.152800
0.324000	7.166500
0.325000	7.179100
0.326000	7.193200
0.327000	7.210200
0.328000	7.230200
0.329000	7.252700
0.330000	7.277800
0.331000	7.305000
0.332000	7.332300
0.333000	7.356800
0.334000	7.376600
0.335000	7.392100
0.336000	7.404900
0.337000	7.417200
0.338000	7.430200
0.339000	7.444800
0.340000	7.461100
0.341000	7.478300
0.342000	7.494600
0.343000	7.509500
0.344000	7.524100
0.345000	7.539800
0.346000	7.556600
0.347000	7.573300
0.348000	7.588500
0.349000	7.602100
0.350000	7.614100
0.351000	7.625400
0.352000	7.636500
0.353000	7.648300
0.354000	7.661400
0.355000	7.676100
0.356000	7.691900
0.357000	7.707700
0.358000	7.722500
0.359000	7.736200
0.360000	7.749100
0.361000	7.761700
0.362000	7.773600
0.363000	7.784300
0.364000	7.793400
0.365000	7.801400
0.366000	7.809400
0.367000	7.817700
0.368000	7.826200
0.369000	7.834500
0.370000	7.842800
0.371000	7.851500
0.372000	7.860900
0.373000	7.870600
0.374000	7.880200
0.375000	7.889800
0.376000	7.899900
0.377000	7.910500
0.378000	7.921100
0.379000	7.931100
0.380000	7.939700
0.381000	7.946700
0.382000	7.952000
0.383000	7.955600
0.384000	7.958100
0.385000	7.961300
0.386000	7.966600
0.387000	7.974000
0.388000	7.982600
0.389000	7.991400
0.390000	7.999600
0.391000	8.005900
0.392000	8.009700
0.393000	8.011500
0.394000	8.013000
0.395000	8.015300
0.396000	8.018300
0.397000	8.021600
0.398000	8.025100
0.399000	8.028900
0.400000	8.032500
0.401000	8.035500
0.402000	8.037900
0.403000	8.040600
0.404000	8.044500
0.405000	8.048300
0.406000	8.050100
0.407000	8.049200
0.408000	8.047000
0.409000	8.045500
0.410000	8.045700
0.411000	8.047500
0.412000	8.049200
0.413000	8.049400
0.414000	8.048300
0.415000	8.047200
0.416000	8.046900
0.417000	8.046600
0.418000	8.045300
0.419000	8.042600
0.420000	8.039700
0.421000	8.038600
0.422000	8.039400
0.423000	8.040600
0.424000	8.040700
0.425000	8.039400
0.426000	8.037300
0.427000	8.034800
0.428000	8.031600
0.429000	8.027500
0.430000	8.022400
0.431000	8.017000
0.432000	8.012100
0.433000	8.007900
0.434000	8.003200
0.435000	7.996900
0.436000	7.989400
0.437000	7.982000
0.438000	7.975900
0.439000	7.971300
0.440000	7.967300
0.441000	7.962500
0.442000	7.956100
0.443000	7.948500
0.444000	7.940400
0.445000	7.932200
0.446000	7.924300
0.447000	7.916700
0.448000	7.908400
0.449000	7.897900
0.450000	7.885500
0.451000	7.872700
0.452000	7.861500
0.453000	7.852400
0.454000	7.845000
0.455000	7.838600
0.456000	7.831900
0.457000	7.824300
0.458000	7.816000
0.459000	7.807400
0.460000	7.798800
0.461000	7.790000
0.462000	7.780200
0.463000	7.769100
0.464000	7.757300
0.465000	7.745600
0.466000	7.734400
0.467000	7.723700
0.468000	7.713400
0.469000	7.702800
0.470000	7.691700
0.471000	7.680000
0.472000	7.667700
0.473000	7.654400
0.474000	7.640000
0.475000	7.624800
0.476000	7.608700
0.477000	7.591600
0.478000	7.573900
0.479000	7.556400
0.480000	7.539200
0.481000	7.522400
0.482000	7.505700
0.483000	7.490000
0.484000	7.475500
0.485000	7.461700
0.486000	7.447400
0.487000	7.432100
0.488000	7.416600
0.489000	7.401500
0.490000	7.386100
0.491000	7.369200
0.492000	7.349900
0.493000	7.328800
0.494000	7.307500
0.495000	7.288100
0.496000	7.271400
0.497000	7.255700
0.498000	7.238400
0.499000	7.218100
0.500000	7.195100
0.501000	7.169900
0.502000	7.141900
0.503000	7.111000
0.504000	7.078200
0.505000	7.044700
0.506000	7.010200
0.507000	6.973100
0.508000	6.932900
0.509000	6.890700
0.510000	6.846000
0.511000	6.793200
0.512000	6.720700
0.513000	6.613100
0.514000	6.451700
0.515000	6.217500
0.516000	5.899500
0.517000	5.504300
0.518000	5.055100
0.519000	4.576500
0.520000	4.080000
0.521000	3.560600
0.522000	3.004200
0.523000	2.395300
0.524000	1.723500
0.525000	0.989900
0.526000	0.212400
0.527000	-0.569400
0.528000	-1.292000
0.529000	-1.879600
0.530000	-2.280400
0.531000	-2.499900
0.532000	-2.593100
0.533000	-2.622800
0.534000	-2.629100
0.535000	-2.628600
0.536000	-2.626300
0.537000	-2.623500
0.538000	-2.620700
0.539000	-2.618400
0.540000	-2.616600
0.541000	-2.615400
0.542000	-2.614700
0.543000	-2.614100
0.544000	-2.613600
0.545000	-2.613100
0.546000	-2.612500
0.547000	-2.611900
0.548000	-2.611300
0.549000	-2.610900
0.550000	-2.610500
0.551000	-2.610200
0.552000	-2.610000
0.553000	-2.609800
0.554000	-2.609500
0.555000	-2.609200
0.556000	-2.608900
0.557000	-2.608700
0.558000	-2.608400
0.559000	-2.608100
0.560000	-2.607700
0.561000	-2.607200
0.562000	-2.606800
0.563000	-2.606400
0.564000	-2.606000
0.565000	-2.605700
0.566000	-2.605300
0.567000	-2.604800
0.568000	-2.604400
0.569000	-2.603900
0.570000	-2.603500
0.571000	-2.603100
0.572000	-2.602700
0.573000	-2.602400
0.574000	-2.602000
0.575000	-2.601700
0.576000	-2.601300
0.577000	-2.600900
0.578000	-2.600500
0.579000	-2.600000
0.580000	-2.599500
0.581000	-2.599000
0.582000	-2.598500
0.583000	-2.598100
0.584000	-2.597600
0.585000	-2.597100
0.586000	-2.596500
0.587000	-2.595900
0.588000	-2.595300
0.589000	-2.594700
0.590000	-2.594300
0.591000	-2.593800
0.592000	-2.593300
0.593000	-2.592900
0.594000	-2.592600
0.595000	-2.592400
0.596000	-2.592300
0.597000	-2.592000
0.598000	-2.591600
0.599000	-2.591100
0.600000	-2.590700
0.601000	-2.590200
0.602000	-2.589700
0.603000	-2.589200
0.604000	-2.588800
0.605000	-2.588300
0.606000	-2.587800
0.607000	-2.587300
0.608000	-2.586700
0.609000	-2.586000
0.610000	-2.585200
0.611000	-2.584500
0.612000	-2.584100
0.613000	-2.583800
0.614000	-2.583400
0.615000	-2.583000
0.616000	-2.582600
0.617000	-2.582100
0.618000	-2.581700
0.619000	-2.581400
0.620000	-2.581000
0.621000	-2.580500
0.622000	-2.580100
0.623000	-2.579500
0.624000	-2.578900
0.625000	-2.578400
0.626000	-2.578000
0.627000	-2.577800
0.628000	-2.577500
0.629000	-2.577300
0.630000	-2.576900
0.631000	-2.576500
0.632000	-2.576100
0.633000	-2.575700
0.634000	-2.575200
0.635000	-2.574800
0.636000	-2.574400
0.637000	-2.574100
0.638000	-2.573700
0.639000	-2.573300
0.640000	-2.572800
0.641000	-2.572300
0.642000	-2.571900
0.643000	-2.571600
0.644000	-2.571300
0.645000	-2.570900
0.646000	-2.570600
0.647000	-2.570300
0.648000	-2.570000
0.649000	-2.569700
0.650000	-2.569500
0.651000	-2.569300
0.652000	-2.569100
0.653000	-2.568900
0.654000	-2.568600
0.655000	-2.568400
0.656000	-2.568100
0.657000	-2.567900
0.658000	-2.567500
0.659000	-2.567100
0.660000	-2.566600
0.661000	-2.566200
0.662000	-2.565700
0.663000	-2.565200
0.664000	-2.564600
0.665000	-2.564100
0.666000	-2.563700
0.667000	-2.563300
0.668000	-2.562800
0.669000	-2.562300
0.670000	-2.561800
0.671000	-2.561100
0.672000	-2.560400
0.673000	-2.559900
0.674000	-2.559300
0.675000	-2.558400
0.676000	-2.557500
0.677000	-2.556900
0.678000	-2.556900
0.679000	-2.557200
0.680000	-2.557300
0.681000	-2.557000
0.682000	-2.556400
0.683000	-2.555800
0.684000	-2.555400
0.685000	-2.555300
0.686000	-2.555100
0.687000	-2.554900
0.688000	-2.554500
0.689000	-2.554100
0.690000	-2.553800
0.691000	-2.553400
0.692000	-2.552900
0.693000	-2.552400
0.694000	-2.551700
0.695000	-2.551000
0.696000	-2.550500
0.697000	-2.550200
0.698000	-2.550100
0.699000	-2.549900
0.700000	-2.549500
0.701000	-2.549200
0.702000	-2.548800
0.703000	-2.548400
0.704000	-2.548100
0.705000	-2.547700
0.706000	-2.547300
0.707000	-2.546900
0.708000	-2.546500
0.709000	-2.545900
0.710000	-2.545400
0.711000	-2.544800
0.712000	-2.544400
0.713000	-2.544100
0.714000	-2.543700
0.715000	-2.543300
0.716000	-2.542900
0.717000	-2.542300
0.718000	-2.541800
0.719000	-2.541200
0.720000	-2.540600
0.721000	-2.540100
0.722000	-2.539500
0.723000	-2.538900
0.724000	-2.538400
0.725000	-2.537800
0.726000	-2.537200
0.727000	-2.536700
0.728000	-2.536200
0.729000	-2.535600
0.730000	-2.535200
0.731000	-2.534900
0.732000	-2.534600
0.733000	-2.534400
0.734000	-2.534100
0.735000	-2.533800
0.736000	-2.533500
0.737000	-2.533100
0.738000	-2.532600
0.739000	-2.532100
0.740000	-2.531600
0.741000	-2.531000
0.742000	-2.530600
0.743000	-2.530200
0.744000	-2.529800
0.745000	-2.529400
0.746000	-2.528900
0.747000	-2.528300
0.748000	-2.527400
0.749000	-2.526800
0.750000	-2.526500
0.751000	-2.526500
0.752000	-2.526300
0.753000	-2.525900
0.754000	-2.525200
0.755000	-2.524200
0.756000	-2.523500
0.757000	-2.523100
0.758000	-2.523000
0.759000	-2.522800
0.760000	-2.522400
0.761000	-2.522100
0.762000	-2.522000
0.763000	-2.521800
0.764000	-2.521400
0.765000	-2.520900
0.766000	-2.520700
0.767000	-2.520300
0.768000	-2.519500
0.769000	-2.518400
0.770000	-2.517700
0.771000	-2.517600
0.772000	-2.517600
0.773000	-2.517200
0.774000	-2.516500
0.775000	-2.515800
0.776000	-2.515700
0.777000	-2.516000
0.778000	-2.516200
0.779000	-2.516200
0.780000	-2.516000
0.781000	-2.515900
0.782000	-2.515500
0.783000	-2.515000
0.784000	-2.514600
0.785000	-2.514400
0.786000	-2.514200
0.787000	-2.513400
0.788000	-2.512000
0.789000	-2.510400
0.790000	-2.509300
0.791000	-2.509000
0.792000	-2.509400
0.793000	-2.509900
0.794000	-2.509900
0.795000	-2.509300
0.796000	-2.508900
0.797000	-2.508800
0.798000	-2.508800
0.799000	-2.508500
0.800000	-2.508300
0.801000	-2.508200
0.802000	-2.508000
0.803000	-2.507300
0.804000	-2.506500
0.805000	-2.506000
0.806000	-2.505900
0.807000	-2.506000
0.808000	-2.505700
0.809000	-2.505300
0.810000	-2.505000
0.811000	-2.504700
0.812000	-2.504200
0.813000	-2.503700
0.814000	-2.503400
0.815000	-2.503100
0.816000	-2.502600
0.817000	-2.501600
0.818000	-2.500600
0.819000	-2.500300
0.820000	-2.500400
0.821000	-2.500600
0.822000	-2.500600
0.823000	-2.500400
0.824000	-2.500400
0.825000	-2.500300
0.826000	-2.499900
0.827000	-2.499400
0.828000	-2.499200
0.829000	-2.499000
0.830000	-2.498700
0.831000	-2.498200
0.832000	-2.497900
0.833000	-2.497800
0.834000	-2.497400
0.835000	-2.496500
0.836000	-2.495100
0.837000	-2.493900
0.838000	-2.493400
0.839000	-2.493800
0.840000	-2.494500
0.841000	-2.494900
0.842000	-2.494600
0.843000	-2.494200
0.844000	-2.494000
0.845000	-2.494100
0.846000	-2.493900
0.847000	-2.493100
0.848000	-2.491900
0.849000	-2.491100
0.850000	-2.490900
0.851000	-2.491200
0.852000	-2.491400
0.853000	-2.491100
0.854000	-2.490500
0.855000	-2.490200
0.856000	-2.490300
0.857000	-2.490300
0.858000	-2.489700
0.859000	-2.488400
0.860000	-2.486800
0.861000	-2.485600
0.862000	-2.485200
0.863000	-2.485800
0.864000	-2.486700
0.865000	-2.487100
0.866000	-2.486700
0.867000	-2.485400
0.868000	-2.484000
0.869000	-2.482900
0.870000	-2.482700
0.871000	-2.483300
0.872000	-2.484000
0.873000	-2.484100
0.874000	-2.483600
0.875000	-2.483000
0.876000	-2.482900
0.877000	-2.483300
0.878000	-2.483600
0.879000	-2.483800
